0 0 449 449 761 921 938 1356 1406 1418 1534
1 0 419 419 866 1116 1392 1773 1819
2 0 182 381 1276 1317 1318 1474 1669 1747 1787 1805 1972 2034 2057 2061
3 1 104 359 528 537 528 537 612 680 721 902 944 1037 1093 1126
4 1 243 716 1131 1387 1496 1575 1670
5 1 42 176 422 422 613 615 615 615 630 836 975
6 1 129 330 641 739 741 744 839 975
7 1 264 362 444 444 1213 1561 1563 1567 1579
8 2 660 660 660 660 660 660 660 660 660 660 660 660 660 660
9 2 660 660 660 660 660 660 660 660 660 660 660 660 660 660
10 2 660 660 660 660 660 660 660 660 660 660 660 660 660 660
11 2 660 660 660 660 660 660 660 660 660 660 660 660 660 660
12 2 296 660 660 660 660 660 660 660 660 660 660 660 660 660
13 2 296 660 660 660 660 660 660 660 660 660 660 660 660 660 660
14 2 123 308 310 762 980 994 1021 1333 1386 1400 1574 1630
15 2 233 300 446 446 579 667 692 712 1050 1107 1187 1469 1470 1485 1606 1649 1950 2006 2054 2146
16 2 2 27 296 604 796 834 993
17 2 40 297 331 350 594 665 666 757 831 926 1102 1216 1243 1438 1464 1480 1641 1742 1809 1827 1887 1890 1894 1956 1957 1971
18 2 74 73 209 792 1067 1213 1248 1298 1454 1471 1535 1575 1647 1677 1927
19 2 162 524 524 600 831 894 925 1182 1232 1268 1363 1430 1469 1500 1505 1527 1569 1594 1689 1691 1699 1703 1726 1805 1846 1886 1903 1910 1943 1950 1990 2050
20 2 296 660 660 660 660 660 660 660 660 660 660 660 660 660
21 2 296 660 660 660 660 660 660 660 660 660 660 660 660 660
22 2 296 660 660 660 660 660 660 660 660 660 660 660 660 660
23 2 296 660 660 660 660 660 660 660 660 660 660 660 660 660
24 3 66 295 491 554 491 554 588 658 830 846 847
25 4 14 17 51 226 345 355 646
26 5 77 320 662 663 978 1057 1109
27 6 77 278 319 663 978 1057 1109
28 7 9 77 102 431 433 431 433 580 663 670 759 831 894 923 992 1285
29 7 8 130 580 605 757 826 857
30 7 69 119 130 164 607 685 855 1150 1151
31 7 7 9 36 126 141 280 279 321 406 446 481 491 491 504 512 529 530 541 406 446 481 491 491 504 512 529 530 541 607 670 682 693 694 695 695 699 700 701 843 843 844 867 886 929 930 931 950 950 1020 1020 1033 1033 1038 1055 1055 1173 1189 1222 1230 1253 1264 1265 1336 1424 1479 1492 1538
32 7 7 9 320 352 670 746 964
33 7 10 130 277 491 491 491 491
34 7 74 74 73 73 279 292 491 551 491 551 686
35 6 11 27 102 114 278 320 382 392 392 757 856 1214 1383 1454
36 6 73 74 278 320 759 759 759 759 838 911
37 6 6 6 6 6 6 130 278 278 278 278 278 278
38 6 278 320 896 1282 1619 1855 1893 1966 234
39 6 278 413 413 759 838 838 876 911 911 1285 1743 1856
40 6 74 73 129 129 278 592 737 740 975 1028
41 10 100 102 187 320 685 1094 1095 1136
42 9 162 670 787 907 953 1196 1428
43 10 77 491 491 491 491 491 491 663 678 978 999 1057 1109 1212 1255 1328
44 10 102 234 276 279 294 330 331 375 381 545 545 545 545 618 672 741 753 766 884 925 952 967 998 1018 1047 1134 1161 1179 1202 1345 1364 1387 1423 1488 1542 1600 1696 1760 1861 1913 1977 2028 2030
45 10 77 279 309 320 353 491 491 565 595 663 978 1045 1057
46 6 278 284 473 473 812 1387 1762 1816
47 10 77 77 320 663 663 978 978 1057 1057 1109 1109 1212 1212
48 11 131 178 287 365 371 372 374 417 523 417 523 618 633 680 695 721 764 776 846 947 1015 1025 1074 1074 1129 1140 1316 1361 1366 1399 1426 1426 1641 1879 1907 2102 2109 2111 2204 408 453
49 11 438 438 1084 1415 1431 1535 1768 1794 2065 2066 2092
50 11 40 382 524 524 823 1318 1474 1535 1641 1924 2017 2173
51 11 134 297 972 1216 1415 1443 1454 1561 1562 1605 1641
52 11 402 402 914 1018 1454 1535 1547 1598 1751 1807 1984 1985
53 11 48 234 1056 1454 1641 1641 1641 1641 1964
54 11 114 228 349 984 1535 1709 1748 1772 1845 1876 1910 1977 1987
55 11 114 524 524 757 1383 1396 1412 1606 1691 1768 1847 1928 1985
56 11 150 431 431 1565 1744 1860 1935
57 11 49 233 538 538 558 1031 1383 1454 1454 1535 1641 1641 1677 1946 1989 2034
58 11 579 1023 1127 1574 1773 2006 1485
59 11 11 40 67 74 74 73 73 93 220 382 499 499 558 617 635 685 700 743 813 918 1012 1043 1043 1067 1115 1116 1121 1143 1181 1202 1215 1216 1248 1252 1263 1268 1282 1381 1435 1441 1449 1454 1480 1504 1507 1535 1542 1603 1620 1620 1621 1641 1652 1659 1672 1740 1742 1901 1909 1919 1927 1931 1979 1980 1997 2014 2028 2051 2052 2055 2056 2078 2079 2089 2103 2116 2120
60 11 11 769 917 1215 1454 1454 1492 1535 1787 2092
61 11 11 29 431 433 499 505 431 433 499 505 749 892 952 992 1050 1067 1081 1164 1373 1384 1393 1412 1430 1431 1455 1535 1901
62 11 11 49 438 438 966 1276 1454 1509 1574 1635 1641 1693 1741 1840 1989 2084
63 11 796 992 1010 1385 1444 1535 1772 1958 2012
64 11 49 202 257 710 984 1049 1072 1102 1147 1537 1643 1741 1820 2034 2061
65 11 27 40 49 104 331 384 667 769 824 913 1056 1215 1257 1310 1397 1471 1535 1535 1535 1632 1692 1693 1735 1768 1809 1909 1910 1985 2015
66 11 88 968 1049 1089 1089 1114 1454 1725
67 11 11 47 358 704 958 993 1207 1213 1234 1425 1430 1454 1474 1535 1620 1621 1641 1695 1809 1894 1896 2028 2089
68 11 11 49 462 505 462 505 757 815 1031 1215 1294 1493 1535 1537 1618 1648 1725 1758
69 11 11 11 11 381 980 1051 1214 1215 1278 1454 1621 1641 2028
70 11 11 331 404 518 404 518 665 814 1415 1454 1520 1581 1620 1621 1643 1641
71 11 446 446 668 1597 1899 1946 1977 2040
72 11 144 579 1373 1454 1465 1529 1535 1641 1709 1969 1979 2168 808 961 1067 1563 1624
73 11 47 49 244 402 403 402 403 627 679 856 966 1202 1232 1326 1373 1415 1454 1464 1466 1505 1535 1546 1557
74 11 297 468 468 757 914 1060 1216 1403 1535 1547 1618 1685 1691 1742 1892 1894 1954 2001 2050 2055 2077 2120 2162
75 11 48 274 445 445 1339 1454 1641 2098 2124 2165
76 11 404 404 1243 1317 1509 1632 1641 1659 1905 1939 1992 2052 2071
77 11 49 668 757 769 1214 1355 1428 1454 1535 1641 1665
78 11 40 297 600 720 757 808 831 921 1056 1163 1191 1268 1298 1386 1414 1415 1421 1454 1454 1454 1454 1487 1493 1504 1535 1535 1541 1547 1564 1572 1606 1610 1620 1641 1641 1641 1641 1660 1691 1742 1784 1803 1886 1887 1894 1987 2110 2122 2141 2142 2143
79 11 433 446 433 446 1001 1191 1401 1549 1692
80 11 685 1380 1441 1454 1464 1807 1865 1946 1964 2012 2089 2091
81 11 40 304 665 667 831 958 1385 1493 1506 1535 1774 1786 2016 447 856
82 11 140 331 382 387 692 710 712 757 888 966 1068 1393 1454 1502 1523 1535 1573 1581 1620 1659 1747 1774
83 11 297 665 757 831 1001 1082 1204 1215 1232 1326 1454 1505 1529 1535 1571 1572 1573 1641 1742 1788 1845 1866 1887 1984 2035 2047 2051 2139 2143 2155 2169
84 11 11 11 1098 1121 1191 1388 1403 2099
85 11 1310 1415 1535 1580 1618 1790 1864 1938 2099
86 11 49 297 518 518 702 757 831 1079 1080 1214 1386 1430 1451 1454 1464 1484 1535 1535 1541 1568 1571 1605 1641 1677 1691 1742
87 11 49 138 331 382 462 499 462 499 571 604 667 704 750 757 887 994 998 1064 1147 1234 1430 1431 1454 1535 1542 1565 1574 1632
88 11 140 331 524 554 524 554 757 1069 1192 1430 1454 1571 1642 1641 1773 1909
89 11 11 11 40 66 277 331 384 446 446 665 667 757 769 793 814 815 815 823 913 1155 1215 1257 1329 1330 1361 1388 1387 1401 1428 1441 1454 1468 1490 1554 1586 1620 1632 1647 1659 1744 1774 1776 1801 1809 1864 1886 1935 1973 2015 2026 2028 2030 2035 2044 2052
90 11 49 438 438 757 1089 1164 1277 1384 1425 1454 1618 1641 1641 1794 1843 1848
91 11 19 324 414 414 823 827 1031 1066 1297 1530 1644 1768 1796
92 11 11 384 757 1142 1386 1535 1641 1641 2012 2100 2139 1134 1405
93 11 29 49 49 387 433 433 757 1003 1050 1277 1428 1494 1535 1564 1598 1604 1860 1964
94 11 11 11 144 304 726 757 1046 1079 1188 1310 1412 1445 1500 1575 1606 1641 1659 1901 2092 2106 2126
95 11 49 162 579 636 856 1454 1465 1468 1493 1523 1536 1550 1554 1569 1572 1581 1664 1685
96 11 40 297 331 362 524 524 600 665 692 716 793 831 1191 1215 1361 1388 1415 1421 1443 1454 1535 1542 1547 1605 1641 1742
97 11 96 103 209 499 499 757 1072 1177 1209 1215 1277 1387 1454 1454 1488 1493 1496 1535 1641 1641
98 11 11 381 627 958 1214 1385 1454 1454 1454 1646 1765
99 11 11 331 622 757 757 1535 1641
100 11 11 11 11 11 384 1454 1641
101 11 336 382 757 831 968 1454 1471 1487 1493 1529 1620 1896 1939 1971 1977 2022
102 11 11 11 668 1454 1454 1535 1641 1946 1964
103 11 40 48 297 622 926 984 1017 1104 1172 1239 1268 1464 1470 1492 1560 1579 1742 1804 1886 1887
104 11 11 86 925 1087 1384 1385 1405 1454 1454 1751 1927 2026
105 11 447 447 600 604 625 666 757 757 1084 1428 1454 1454 1493 1695 1725 1892 1950 1971 1977 2061
106 11 11 960 1128 1390 1492 1695 1757 1969
107 11 11 162 304 781 968 1087 1386 1529 1635 1641 1773
108 11 49 234 672 921 958 965 1031 1431 1528 1631 1641 1740 1768 1788 1968 1979 1994 2040
109 11 11 49 104 134 165 917 1166 1214 1220 1402 1454 1454 1500 1535 1535 1535 1641 1641 1641 1747 1751 1757 1764 1767 1864 1875 1972
110 11 414 431 414 431 757 1251 1333 1454 1546 1641
111 11 11 894 1089 1220 1390 1454 1454 1469 1500 1528 1632 1730 1733 1794 1927 1940 2032
112 11 11 11 11 49 384 462 462 757
113 11 11 433 472 433 472 968 1087 1147 1251 1257 1393 1454 1500 1535
114 11 11 221 665 757 1072 1278 1931 1939 2064 2106 447
115 11 11 162 757 1163 1454 1454 2015
116 11 757 757 972 1454 1692 1759 1788 2030
117 11 11 40 757 831 917 1115 1364 1428 1547 1610 1641 1641 1691 1709 2026
118 11 134 328 959 1056 1248 1561 1573 1986
119 11 145 668 888 891 1214 1586 1768 2039 2092
120 11 11 384 1215 1373 1400 1454 1641 1664
121 11 11 49 384 467 467 702 793 993 1166 1386 1387 1621
122 11 11 11 297 720 757 1190 1454 1660 1691 1758 1889 1958 1964 1992 2066 2108
123 11 11 47 144 228 1009 1206 1646 2045 2080 2141
124 11 382 403 403 625 704 750 1138 1450
125 11 29 304 362 760 914 925 963 968 985 1072 1148 1206 1401 1420 1421 1454 1474 1520 1561 1767 1772 1874 2047
126 11 304 327 382 395 404 395 404 840 1215 1361 1412 1421 1430 1441 1484 1809 1823 2030 2126 2157
127 11 11 40 201 233 289 301 357 362 384 404 413 433 467 518 538 554 404 413 433 467 518 538 554 659 665 685 716 750 769 793 809 814 859 917 1001 1011 1020 1050 1155 1181 1214 1216 1232 1257 1310 1326 1361 1403 1445 1479 1484 1488 1490 1493 1501 1505 1528 1530 1542 1560 1562 1580 1597 1621 1632 1641 1641 1641 1725 1741 1787 1899 1901 1920 1964
128 11 104 914 949 992 1001 1232 1362 1505 1567 1641 1649
129 11 11 11 381 757 757 1079 1215 1231 1252 1454 1493 1620 1641 1645 1709 1959 2089 2091
130 11 49 668 757 769 1188 1251 1299 1387 1454 1535 1952
131 11 11 27 49 49 49 332 331 384 538 538 757 792 834 1056 1082 1209 1214 1215 1386 1423 1454 1535 1535 1562 1606 1631 1641 1641
132 11 11 11 11 11 11 11 331 380 384 445 447 446 462 472 445 447 446 462 472 685 856 862 980 982 983 1039 1056 1087 1174 1188 1215 1386 1454 1454 1492 1535 1620 1641 1725
133 11 39 40 147 222 328 332 335 380 431 432 471 431 432 471 610 612 618 793 818 926 1032 1082 1318 1394 1395 1396 1438 1464 1474 1515 1535 1546 1547 1550 1620 1621 1631 1641 1641 1742 1744 1788 1796 1805 1806 1840 1898
134 11 11 11 11 11 49 380 462 462 716 757 827 1060 1206 1215 1385 1454 1561 1610 1641 1649 1859 1909 1910
135 11 11 11 11 1215 1363 1454 1610 1641 1641
136 11 462 462 917 1079 1102 1213 1214 1215 1405 1444 1536 1565 1586 1931 2045 2077
137 11 221 293 331 668 702 1051 1277 1299 1361 1386 1405 1420 1422 1454 1454 1455 1466 1471 1560 1570 1572 1643 1669 1693 1740 1774 2013
138 11 49 467 467 827 959 1177 1187 1248 1384 1385 1386 1386 1386 1388 1387 1428 1444 1490 1491 1492 1581 1628 1642 1652 1709 1730 2081
139 11 49 331 467 467 665 757 917 1454 1454 1641 1841 1891 1996 2012 2081 2091
140 11 40 49 103 331 382 438 438 888 1214 1308 1365 1425 1444 1520 1530 1535 1536 1572 1580 1586 1649 1660 1677 1685 1709 1735 1900 1931 1950 1986
141 11 710 827 1063 1082 1432 1480 1537
142 11 571 831 925 1234 1368 1435 1579 1691 1731 1733 1734 1760 2100
143 11 11 1177 1223 1454 1454 1454 1535
144 11 11 331 382 404 462 404 462 913 917 1232 1251 1377 1388 1420 1454 1494 1505 1572 1586 1641 1787 2018 2028 2061 2075
145 11 11 40 46 88 88 95 114 162 208 232 269 275 275 284 335 349 382 425 446 471 483 425 446 471 483 565 634 649 659 665 733 743 757 769 821 841 887 907 914 921 926 965 990 994 1031 1046 1087 1105 1155 1163 1164 1202 1215 1251 1257 1290 1299 1363 1375 1455 1520 1535 1542 1562 1568 1574 1620 1643 1647 1704 1714 1725 1730 1765 1773 1774 1777 1804 1817 1818 1885 1898
146 11 233 769 1060 1082 1214 1215 1268 1388 1445 1641 1647 1987 1992 2017 2064
147 11 35 40 48 49 233 331 380 518 538 518 538 558 579 618 668 685 692 715 726 789 815 856 888 894 966 1087 1102 1106 1155 1165 1188 1239 1248 1318 1421 1428 1474 1477 1535 1562 1570 1597 1628 1632 1659 1765
148 11 382 467 467 769 1142 1278 1400 1641 1648 1768 1774 1862 1970 2067
149 11 11 11 429 429 666 757 1138 1214 1390 1454 1454
150 11 11 11 49 49 96 757 793 1068 1454 1535 1561 1562 1641 1641 1648 1784 1973
151 11 11 11 11 462 462 1454 1535 1641 1649 1691 1693 1742 1900 1904
152 11 668 757 1079 1080 1134 1215 1234 1361 1387 1455 1509 1535 1557 1731 1787 1811 1910 1964 1964
153 11 97 162 234 814 1166 1425 1496 1542 1563 1641 1664 1689
154 11 471 538 471 538 757 815 894 925 1001 1102 1177 1300 1428 1454 1535 1620 1641 1641
155 11 757 958 1056 1386 1454 1454 1641 1649 1989
156 11 225 251 290 304 380 685 821 907 914 987 1133 1309 1363 1364 1428 1547 1560 1570 1641 1663 1744 1792 1865
157 11 48 49 293 467 499 505 538 467 499 505 538 627 702 712 716 793 966 1050 1158 1191 1206 1214 1216 1220 1377 1428 1454 1464 1504 1574 1725 1909 1917 1927 1953 2005 2065
158 11 11 11 11 11 11 49 304 328 380 524 524 757 757 769 831 856 946 959 1056 1142 1155 1182 1214 1215 1263 1383 1415 1454 1454 1557 1566 1641 1689 1693
159 11 331 404 404 585 600 665 775 1257 1405
160 11 11 228 815 1056 1120 1310 1535 1566 1575 1652 1659 1664 1665 1730 1901
161 11 327 598 785 998 1064 1352 1376 1454 1470 1491 1520 1562 1566 1586 1619 1641 1646 1663 1735 1860 1898 2017 2030 2060 2064 2117 2159
162 11 274 331 350 921 923 925 959 1018 1496 1725 1758
163 11 146 636 757 1234 1318 1338 1454 1474 1535 1574 1641 1731 1735 1836 1843 1909 1910 2036
164 11 40 47 757 1089 1182 1187 1206 1214 1665
165 11 40 384 445 445 757 769 891 984 1067 1188 1737
166 11 40 274 322 328 331 382 384 622 665 720 723 769 792 814 823 894 914 917 925 958 994 1001 1018 1026 1080 1166 1215 1257 1373 1401 1403 1428 1438 1454 1454 1484 1490 1535 1547 1632 1641 1693 1747 1756 1768 1899 1900 1931 1964 1964 1968 1978 1984 1990 1991 2006 2016 2028 2030 2081 2106 2110 2122
167 11 114 245 331 402 402 1138 1535 1641 1646 1693 1952 1957 1969 1978
168 11 382 757 757 921 998 1454 1535 1641 1647 2066 2149
169 11 524 524 704 769 965 1215 1297 1386 1492 1535 1641 1646 1647
170 11 11 177 381 468 468 665 1163 1209 1530 1575 1666 1756
171 11 11 433 433 665 723 757 803 958 1177 1206 1214 1277 1392 1400 1454 1485 1641 1806 1839 1905
172 11 11 750 757 769 793 1177 1384 1454 1528 1561 1566
173 11 362 599 685 757 1492 1620 1772 1865 1886 2050 2091 2110 2126
174 11 49 446 446 724 803 921 994 1056 1142 1187 1234 1368 1412 1470 1535 1574 1641 1714 1731
175 11 579 757 1036 1112 1310 1315 1597 1686 1757 1896 1952 1986 2001
176 11 27 757 946 1084 1153 1454 1565 1566 1641 1649 1950
177 11 49 234 358 444 444 627 668 757 823 840 856 1087 1106 1148 1206 1214 1415 1535 1550 1613 1630 1643 1641
178 11 11 472 499 472 499 598 655 793 1299 1361 1402 1454 1628 1641 1649 1659 1688 1703 1727 1892
179 11 665 757 815 998 1017 1082 1098 1214 1257 1310 1454 1468 1492 1542 1641 1669 1768 1860 1900
180 11 381 468 468 1166 1214 1215 1277 1730 2013 2058 2062
181 11 47 358 403 524 403 524 672 914 935 1067 1148 1155 1158 1333 1361 1598 1641 1744 1765
182 11 49 228 757 856 1068 1163 1454
183 11 40 43 362 627 757 858 1147 1182 1245 1430 1431 1506 1535 1553 1570 1597 1604 1670 1730 1740 1768 1957 2050
184 11 757 1082 1127 1177 1454 1546 1971 1986 2062 1423
185 11 49 131 329 446 446 926 939 1050 1102 1124 1326 1400 1409 1428 1454 1535 1618 1621 1641
186 11 757 1053 1305 1454 1520 1542 1794 1848 1892 2064
187 11 49 757 1067 1214 1215 1393 1454 1535 1570 1572 1579
188 11 150 331 331 538 538 666 750 887 1017 1080 1276 1383 1454 1464 1528 1535 1647 1662 1677
189 11 49 672 685 823 887 1403 1562 1641 1787
190 11 11 39 349 524 524 1402 1428 1436 1470 1485 1504
191 11 712 1089 1454 1641 1733 2032 2120 2173 716
192 11 49 757 856 966 1134 1232 1505
193 11 11 49 757 1104 1202 1215 1251 1421 1454 1454 1535 1546 1620
194 11 666 668 1079 1148 1188 1454 1597 1768 1904
195 11 339 726 750 757 823 972 1164 1206 1318 1454 1474 1520 1535 1641 1659
196 11 96 146 558 702 1128 1206 1257 1421 1494 1537 1549 1571 1641 1641 1649
197 11 362 576 648 649 704 960 1017 1166 1386 1414 1454 1613 1641 1644 1727 1806 1892 1905 1950
198 11 234 446 446 704 1401 1529 1557 1641 1692 1772 1803
199 11 228 668 757 814 1215 1257 1361 1484 1537 1692 1809
200 11 331 993 1405 1415 1428 1468 1535 1641 1641
201 11 233 331 362 524 538 524 538 675 757 968 1248 1296 1454 1454 1454 1492 1520 1550 1555 1559 1562 1624 1641 1659 1725 1742 1756 1765 1994 2022 2055
202 11 49 712 757 815 984 994 1138 1234 1277 1454 1471 1484 1535 1559 1574 1641 1665 1772
203 11 138 274 297 327 331 362 381 382 446 468 472 542 446 468 472 542 666 704 726 793 917 926 963 1056 1060 1089 1104 1134 1190 1215 1216 1239 1268 1277 1333 1403 1414 1425 1455 1530 1535 1542 1620 1620 1621 1632 1634 1691 1695 1735 1737 1741 1742 1747 1790 1805 1807 1809 1836 1839 1890 1894 1901 1906 1931 1964 1969 1999 2012 2013 2015 2026 2032 2037 2038
204 11 331 665 668 887 1072 1089 1114 1454 1454 1641 1649
205 11 538 538 665 923 1000 1001 1142 1214 1383 1412 1454 1535 1560 1567 1677 1729 1733 1735 1796
206 11 49 846 949 984 1153 1215 1248 1412 1471 1641 1730 1841
207 11 621 1395 1454 1709 1758 1900 1986
208 11 241 471 471 692 712 757 757 1166 1216 1251 1388 1450 1492 1567 1628 1714 1896 1958
209 11 19 667 720 750 1079 1215 1296 1454 1455 1509 1641 1768 1786
210 11 97 335 402 402 668 980 994 998 1082 1203 1421 1428 1454 1454 1535 1550 1580 1641 1641 1646 1665 1751 1776
211 12 15 304 679 757 1137 1386 1415 1417 1454 1665 1831 1884 1885 1895 1920 1996 2004
212 13 190 998 1087 1215 1702 292 1132
213 12 75 74 74 74 74 73 73 73 73 155 157 196
214 12 42 137 185 187 196 589 608 1391
215 12 113 388 568 569 580 615 1137 1152
216 12 12 15 42 82 156 160 161 188 219 341 348 422 422 589 617 618 630 631 723 732 761 846 849 849 890 1246 1266
217 13 13 13 94 161 187 187 188 422 422 615 808 861 1136
218 15 885 988 1830 2187 161 196 1136 1524
219 16 17 53 127 344 408 413 451 461 408 413 451 461 563 642 646 706 708 810 865 877 895 1419
220 16 226 250 343 345 563 864 1671 1678
221 16 250 342 343 642 864 864 950
222 18 331 356 554 554 735 1291 1637 1739
223 18 18 229 230 290 308 311 363 386 442 442 526 554 442
224 18 72 93 109 220 242 242 338 376 452 452 452 452 636 636 990 1052 1186 1220 1357 1358 1408 1433 1460
225 19 145 350 796 991 1338 2034 2068
226 19 138 234 467 467 712 757 757 1104 1278 1290 1559 1562 1630 1641 1652 1729 1840 1886 1901 1910 2018 2058 2077
227 19 96 103 300 414 438 414 438 720 926 960 1066 1400 1741 1775 1874 1915 1969
228 19 254 331 619 684 783 916 1259 1480 1509 1572
229 20 404 446 404 446 609 636 668 984 1187 1367 1454 1509 1953 1991 1994
230 20 208 239 300 390 414 415 390
231 20 37 173 174 175 237 393 393 570
232 21 168 281 838 838 838 911 911
233 22 48 261 494 499 553 494 499 553 714 814 1075 1086
234 23 41 42 64 74 73 143 337 405 476 405 476 685
235 23 838 838 838 838 838 838 838 838 838 838 838 838 838 838 838 838 838 838 838 838 838 911 911 911 911 911 911 911 911 911 911 911 911 911 911 911 911 911 911
236 24 554 554 618 744 836 918 956 976 976 1014 1014 1222 1249 1534 1633
237 25 28 340 550 550 740 1030 1121 1193
238 26 484 484 907 950 1052 1054 1521 2105 77 663 978 1057 1109
239 26 290 315 386 464 494 499 506 520 532 530 464 494 499 506 520 532 530
240 26 437 537 437 537 592 832 902 1052 1063 1106 1192
241 26 33 67 70 286 411 411 576 582 723 927
242 26 84 318 320 365 440 440 780 832 918 1116 1344
243 27 901 1070 1084 1182 1331 1342 1657 145 2190 1131 2313 1368 2339 2343
244 27 27 29 331 384 433 433 792 1001 1214 1215 1373 1422 1421 1496 1768 2098 2099
245 27 949 967 1387 1547 1620 1621 1693 2018 2028 2055 2058
246 27 134 894 1414 1430 1431 1455 1506 1695 1985 2072 2079
247 27 96 103 1445 1606 1631 1772 1775
248 27 144 162 1066 1163 1298 1390 1695
249 27 384 518 518 1492 1549 1647 1725
250 27 29 40 49 123 152 331 358 446 446 667 668 672 704 712 793 980 1017 1050 1051 1148 1158 1191 1216 1268 1298 1420 1435 1494 1535 1542 1559 1641 1691 1725 1765 1801 1809 1859 1899 1931 1994
251 29 47 1296 1425 1500 1664 1692 1757 1783 1922
252 29 994 1087 1234 1383 1428 1569 1978
253 29 79 1050 1082 1177 1187 1213 1384 1386 1388
254 29 297 331 431 431 757 831 1060 1218 1234 1454 1487 1567 1572 1641 1691 1731 1742 1760
255 29 433 433 1547 1635 1641 2012 2035
256 29 963 992 1089 1163 1317 1422 1506 1555 1773 1794 1846
257 29 724 1050 1290 1509 1663 1758 1927 2025 2034
258 29 40 331 600 757 757 925 926 1243 1268 1300 1386 1395 1421 1443 1454 1535 1574 1602 1605 1632 1642 1643 1646 1725 1742 1768 1776 1784 1827 1827 1840 1886 1894 1895 1917 1924 1984 1986 1992 2051
259 29 807 815 1050 1132 1373 1454 1536 1720 1767 1845 2092
260 29 49 444 444 579 921 935 1388 1420 1422 1421 1566 1714 1765 1964 1964 1994 2004 2078
261 29 105 140 234 240 320 331 380 384 668 679 722 803 1001 1187 1232 1420 1422 1431 1494 1505 1535 1535 1542 1641 1644 1665 1784 1790 1910
262 30 135 139 208 239 354 572 829 991 1188 1295 1298
263 30 68 72 96 103 206 209 235 429 438 429 438 609 1175 1182 1233 1297
264 31 34 47 74 74 73 74 73 73 77 89 93 102 108 111 152 158 199 220 275 308 338 382 402 403 416 454 491 506 402 403 416 454 491 506 556 600 610 612 615 663 719 722 729 746 751 774 832 918 937 938 978 1006 1057 1069 1077 1109 1110 1169 1184 1203 1210 1212 1213 1219 1240 1249 1255 1279 1313 1328 1346 1502 1509 1531 1533 1557 1617 1656 1666 1673 1674 1679 1710
265 31 285 302 316 354 718 785 786 825 950 951 954 999 1167 1189 1230 1311
266 30 72 92 135 136 139 208 260 991
267 30 68 88 96 103 136 171 209 235 245 260 362
268 30 183 335 404 404 604 922 938 969 998 1053 1080 1082 1166 1234 1571 1573 1574 1603 1714 1778 1796 1801 1823
269 32 48 447 447 702 726 793 1239 1277 1304 1386 1807 1859 2012 2013 2066 2069 2071
270 30 92 139 204 205 208 260 828
271 30 135 139 183 206 269 414 414
272 30 173 174 248 365 365 843 1014 1029 1125 1177
273 30 68 115 139 203 390 415 390
274 30 136 183 205 207 208 260 393
275 34 1052 1054 1116 1242 1366 1514 1543
276 35 90 838 838 838 838 838 838 838 838 911 911 911 911 911
277 38 42 101 198 486 486 584 671 894 967
278 38 72 72 72 246 246 300 554 554 618 684 1031 1073 1158
279 39 177 404 404 1060 1127 1310 1373 1535 1559 1641
280 39 138 331 382 965 1155 1400 1441 1618 1692 1954 1987 2041
281 40 315 498 554 498 554 559 596 837
282 40 402 402 732 907 945 1041 1046 1063 1089 1098 1158 1202 1277 1320 1341 1353 1471 1481 1638 2013 2071 2122
283 40 432 432 612 620 618 787 793 966 1213 1363 1430 1809 2012 2069 2092
284 40 726 769 1190 1215 1239 1277 1386 1496 1620 1864 2013 2081 665 1257
285 40 49 304 381 382 431 431 665 935 1010 1072 1115 1147 1177 1454 1535
286 40 231 331 382 402 444 402 444 665 769 814 815 965 968 1001 1010 1067 1155 1257 1415 1454 1490 1575 1621 1631 1704 1774 1781 1845 1864 1884 1896
287 40 329 331 382 384 404 404 665 769 958 1001 1017 1155 1215 1373 1465 1469 1471 1738 1773 1853 1931 1968 1978 2026 2072 2073
288 40 304 331 384 665 769 1155 1177 1215 1277 1454 1484 1502 1548 1648 1787 2013 2122 2129 2170 2171
289 40 67 384 757 986 1048 1153 1155 1215 1314 1361 1386 1412 1441 1457 1689 1692 1744 1751 1774 1776 1784 2052 2055 2100
290 40 138 220 329 414 499 505 518 524 538 554 414 499 505 518 524 538 554 702 792 949 1001 1056 1072 1089 1164 1214 1268 1290 1318 1401 1420 1428 1492 1530 1536 1547 1550 1559 1620 1621 1632 1669 1786
291 40 150 362 963 1089 1177 1297 1318 1362 1363 1365 1405 1474 1480 1492 1605 1660 1760 1775 1973
292 40 293 331 446 467 446 467 600 679 685 781 831 926 1017 1060 1216 1303 1318 1405 1415 1421 1441 1492 1541 1547 1594 1610 1630 1635 1664 1691 1740 1742 1768 1768 1970
293 40 293 297 362 726 831 960 1339 1400 1602 1691 1742 1788 1796 1804 1806 1971 2092 2092 2098
294 40 468 468 793 815 1277 1464 1474 1537 1643 1751 1776 2013
295 40 926 1376 1506 1535 1581 1644 1653 1725 1774 1927 2034
296 40 395 395 627 925 1163 1318 1474 1547
297 40 444 444 666 757 824 831 1215 1290 1307 1428 1470 1562 1586 1598 1901
298 40 47 331 597 965 1056 1215 1445 1542 1644 1685 1840 1991 1994
299 40 138 315 332 384 387 404 505 524 404 505 524 667 815 966 1234 1401 1569 1571 1574 1586
300 40 190 297 331 579 665 726 769 824 831 1056 1079 1155 1215 1257 1387 1471 1557 1565 1620 1621 1641 1666 1727 1742 1767 1786 1871 1887 1920 2001 2006 2017 2045 2089 2092
301 40 297 382 667 712 769 831 1106 1155 1218 1381 1384 1395 1441 1454 1492 1641 1679 1886 1908 1924 2030 2048 2054 2087 2091 2110
302 40 382 524 524 769 814 815 815 823 914 1098 1155 1361 1394 1401 1428 1471 1490 1492 1520 1586 1631 1632 1643 1685 1741 1774 1802 1823 1866 1954 2015
303 40 54 116 231 290 305 315 343 484 497 502 538 554 484 497 502
304 41 300 446 446 913 927 1115 1202 1252 1414 1441 1496 1549 1679 1727 1740 1766 1787 1842 1901 1906 1909 1910 1961 2037 2072 2079 2086
305 41 64 64 476 476 476 476 612
306 42 737 1075 1249 1391 1475 1531 1533 1744
307 42 78 467 467 615 808 1202 1391 1455 1496 1581 1664 1784 1906 2030
308 42 64 161 476 476 583 759 759 759 759 838 838 838 838 878 904 911
309 43 1432 1442 1447 1448 1711 1713 1716 1717 1851 2340
310 43 335 667 823 1072 1164 1213 1268 1290 1420 1500 1509 1563 1571 1641 1685 1773 1776 1787 1896 1928 1209 1725 1844
311 44 113 181 367 368 441 459 460 513 441
312 45 148 370 604 871 989 1117 1389 1595
313 46 46 95 95 286 424 443 424 443 713 773 860 958 1211 1762 1831
314 46 46 95 95 216 269 387 478 478
315 46 95 192 247 307 307 450 450 679 1075 1230 1230 1353 1486 1498 1711
316 47 77 662 662 663 978 1057 1109
317 47 387 402 402 1010 1158 1187 1232 1234 1248 1278 1505 1506 1554 1731
318 47 919 1019 1056 1104 1164 1232 1505 1570 1628 1904
319 47 49 104 209 264 381 414 414 592 603 610 636 767 793 913 965 1050 1127 1171 1248 1363 1393 1395 1425 1496 1509
320 47 600 834 963 1248 1298 1352 1509 1563 1566 1629 1663
321 47 538 538 621 1216 1455 1470 1485 1641 1884 1890 1940
322 47 331 350 382 499 499 667 823 1187 1248 1557 1788
323 47 146 382 467 467 919 998 1127 1149 1163 1428 1436 1454 1901 1924
324 47 404 404 579 622 1248 1660 1747 1823 2073 2078
325 48 471 471 925 1190 1239 1768 1807 1836 2012 2018 2069
326 48 558 783 827 965 1010 1363 1384 1487 1546 1666
327 48 144 404 404 1009 1757 1805 1992 599
328 48 145 332 382 518 518 622 1056 1361 1422 1496 1591 1629 1823 1836
329 48 769 921 1214 1361 1368 1549 1823
330 49 122 558 687 1234 1567 1578 1641 1723 1794
331 49 505 505 600 757 1243 1383 1415 1438 1455 1469 1500 1536 1569 1652 1742 1950
332 49 757 856 1182 1215 1444 1454 1535 1641 2039
333 49 524 524 598 757 992 1430 1431 1454 1641 1747 1976
334 49 293 505 505 665 710 792 1215 1257 1420 1560 1603 1641 1757 1787
335 49 667 840 1142 1361 1586 1896 2034 2051 2074 2168 2168
336 49 150 1215 1415 1428 1454 1494 1520 1691 1692 1742 1901
337 49 757 1214 1234 1234 1535 1642 1731 1731
338 49 74 73 935 1052 1087 1215 1597 1641
339 49 315 889 894 1010 1056 1158 1303
340 49 104 304 667 716 823 1056 1215 1248 1290 1298 1310 1326 1632 1642 1644 1885 2047 2055
341 49 293 431 431 887 1089 1098 1121 1248 1444 1790
342 49 138 505 505 667 702 913 925 1138 1209 1276 1364 1385 1405 1455 1464 1581 1624 1681 1747 1905 1939
343 49 244 264 1142 1214 1310 1441 1454 1572 1788
344 49 332 384 472 472 757 856 1149 1163 1191 1420 1454
345 49 234 380 665 702 704 726 757 1046 1100 1147 1155 1188 1214 1215 1386 1386 1444 1469 1631 1641 1714
346 49 447 499 505 538 447 499 505 538 667 814 1001 1208 1421 1441 1454 1471 1606 1641 1812 1894 1964 1964 1985 1987
347 49 331 467 467 1251 1428 1620 1642 1641 1730 1768 2089
348 49 134 332 381 1149 1182 1393 1395 1469 1528 1768
349 49 293 304 331 793 1082 1132 1148 1277 1278 1381 1415 1454 1492 1535 1620 1884 2013
350 49 228 431 431 1080 1232 1257 1491 1505 1624 1660 1704 1787 1812 1847
351 49 926 1248 1403 1561 1570 1846 1866 1885 1906 1952 2028
352 49 140 378 662 907 931 949 950 996 1183 1323 1462
353 50 104 815 952 1054 1081 1206 1486 1568 1575 1608 1620 1641 1754
354 51 52 53 290 315 496 506 496 506 691
355 51 137 509 509 584 612 769 1211
356 55 418 421 448 418 421 448 684
357 55 66 74 73 82 141 200 201 229 251 252 286 293 421 448 485 491 549 421 448 485 491 549 557 565 576 601 639 684 765 773 775 779 785 790 815 832 868 872 898 971 986 1062 1079 1088 1144 1180 1235 1237 1324 1336 1337 1359 1461 1510 1510 1525 1526 1698 1728 1816 1821 1826
358 56 57 58 59 60 61 62 63 124 125
359 57 57 58 61 88 182 384 618 688 963 1725
360 64 476 491 476 491 612 618 1256 1509
361 64 64 167 476 476 476 476 948 955 976
362 64 121 142 476 476 567 572 578 610 881
363 64 129 276 476 476 572 974 1205
364 64 64 64 337 476 476 476 476
365 64 208 239 269 324 414 415 476 414
366 64 435 476 547 435 476 547 1043 1193 1620 1621
367 64 64 64 64 64 476 476 476 476 476 476 476
368 65 81 197 605 697 799 1177 1444 1810 1811 1944 2183
369 66 146 462 462 1508 1793 1802 2118 2141 2144 2145
370 66 470 470 842 944 944 1063 1159 1210 1264 1379 1556 1710
371 66 204 604 705 793 1294 1296 1338 1700 1804 1942
372 66 66 679 757 946 957 1084 1423 1535 1632 1641 293 349 1454 1537 1649
373 71 71 317 652 653 656 657 657 657 656 656 657 657
374 72 135 136 183 208 239 269 324 414 415 420 517 414 415 420 517 644 778 828 829 871 941
375 72 96 103 129 172 204 269 387 572 1123 2209
376 74 73 318 491 491 557 1052 1143 1242 1353 1816
377 74 74 73 73 131 188 353 565 1052
378 75 74 74 74 73 73 73 277 997 1369
379 75 76 74 73 489 491 491 489 491
380 74 74 74 74 73 73 73 73 313 315 872
381 74 73 77 152 273 354 663 769 978 1057 1109 1212 1255
382 74 73 285 314 679 679 679 761 1130 1348
383 74 74 74 73 73 73 1073 1106
384 74 77 73 662 663 978 1057 1109
385 74 73 274 281 385 426 430 434 491 426 430 434 491 593 716 736 738 740 868 1006 1008 1457 1697 2095
386 77 320 432 432 618 652 663 695 737 746 978 1057 1086 1109 1212 1249 1255
387 77 269 663 978 1057 1109 1116 1212
388 77 312 320 491 491 663 677 805 978 1057 1109 1197 1197 1212
389 77 77 663 663 978 978 1057 1057 1109 1109 1212 1212
390 77 77 663 663 978 978 1057 1057 1109 1109 1212 1212
391 77 77 663 663 978 978 1057 1057 1109 1109 1212 1212
392 77 77 77 77 663 663 663 663 978 978 978 978 1057 1057 1057 1057 1109 1109 1109 1109 1212 1212 1212 1212 1255
393 77 77 663 663 978 978 1057 1057 1109 1109 1212 1212
394 77 77 663 663 978 978 1057 1057 1109 1109 1212 1212
395 77 354 663 952 978 1057 1109 1212 1223 1255
396 77 77 663 663 978 978 1057 1057 1109 1109 1212 1212
397 77 77 663 663 978 978 1057 1057 1109 1109 1212 1212
398 77 141 663 835 978 1057 1109 1212
399 77 77 77 77 580 663 663 663 663 978 978 978 978 1057 1057 1057 1057 1109 1109 1109 1109 1212 1212 1212 1212 1255
400 77 663 978 1057 1109 1212 1255 1328
401 77 77 663 663 978 978 1057 1057 1109 1109 1212 1212
402 77 663 678 964 978 1057 1109 1143 1212
403 77 77 491 491 663 663 978 978 1057 1057 1109 1109 1212 1212
404 77 77 663 663 978 978 1057 1057 1109 1109 1212 1212
405 77 102 320 491 491 491 491 663 978 1057 1109
406 77 77 663 663 978 978 1057 1057 1109 1109 1212 1212
407 77 77 663 663 978 978 1057 1057 1109 1109 1212 1212 1255
408 78 281 698 701 718 805 886 950 1001 1448
409 80 287 391 412 421 455 391 412
410 83 103 775 804 1164 1414 1444 1450
411 85 86 112 236 290 313 496 503 554 496
412 86 94 116 143 554 554 838 845 867 911 1371 1479
413 87 209 632 1214 1565 1618 1748 1777 2118
414 88 238 428 428 873 1024 1122 1545
415 88 834 1049 1280 1414 1796 1805 1874 2034
416 91 91 272 422 422 422 422 614 957 1118 1133
417 91 117 576 694 995 1118 1316 1378
418 92 163 453 485 496 453 485 496 952 1187 1242 1314 1456 1458
419 96 103 289 310 554 554 601 606 647 649 839 925
420 96 300 429 429 949 1104 1138 1326 1363 1373
421 96 438 438 815 815 959 963 1310 1362 1454 1535 1777 1994
422 96 269 362 429 429 992 1031 1066 1164
423 96 478 478 636 1326 1509 1796 1864
424 98 99 503 531 554 503 531 554 602 630 861 1136 1137
425 100 267 449 449 590 679 679 815 817
426 103 268 364 369 491 491 491 491 554 491 491 491 491 554 618 673
427 103 429 429 949 1387 1415 1468 1232
428 103 1425 1549 1669 1695 1725 1777 1802 1922 2068 2099
429 103 300 769 963 968 1155 1215 1362 1490 1561 1598 1741 1768 1987
430 103 269 692 827 828 1066 1089 1232 1296 1505
431 104 381 627 949 966 1213 1363 1509 1689
432 104 162 1001 1243 1403 1709 1790 1840 2012 2035 2051 2080
433 104 140 1138 1153 1541 1563 1628 1641 1846
434 104 558 750 949 966 1051 1066 1277 1454 1535 1569 1774 1783
435 104 446 446 914 926 1046 1164 1277 1566
436 104 710 1535 1675 1692 1704 2061 2099 2173
437 104 162 358 394 499 505 524 394 499 505 524 665 690 709 792 811 992 1084 1215 1381 1423 1494 1535 1685 1692 1729 1753 1954
438 104 403 404 403 404 792 1214 1500
439 106 109 179 220 442 555 442 555 707 723 797 800 893 1019 1027 1069 1078 1139 1243 1433 1486 1561 1563 1624
440 107 184 304 329 363 457 467 468 457 467 468 584 665 831 914 940 958 994 998 1177 1184 1276 1384 1385 1386 1388 1387 1428 1444 1454 1454 1470 1484 1491 1492 1496 1529 1530 1581 1641 1649 1765
441 108 110 111 114 146 149 674 1465 1709 1867 1868 1869
442 111 331 382 446 446 683 769 1053 1056 1277 1445 1454 1496 1566 1660 1663 1759 1900 1920 1964 1972 2013 2030 2041 2062
443 113 114 441 486 487 511 441 486 487 511
444 114 177 184 856 1001 1056 1343 1523 1561 1693 1730 2064 2099
445 114 362 433 433 757 827 831 1166 1243 1450 1454 1530 1586 1648 1734 2018 2063 2067
446 114 923 1215 1421 1597 1663 1704 1909
447 114 134 144 146 278 1009 1149 1187 1393 1492 1689 1846 1910
448 116 414 414 611 778 965 1066 1296 1297 1363 1487 1796 1801 1804
449 117 189 193 223 469 469 638 717 748 754 754 755 770 833
450 118 120 440 440 725 773 839 839 839
451 122 387 792 935 1050 1153 1430 1441 1517 1539 2011 2173
452 122 146 186 264 331 335 349 380 384 468 468 600 609 618 791 946 972 1000 1001 1072 1076 1115 1158 1241 1241 1241 1241 1394 1397 1405 1428 1430 1431 1436 1472 1480 1593 1620 1621 1666 1727 1744 1770 1790 1885 1928 1969 1979
453 123 128 679 1035 1166 1209 1300 1423 1895
454 123 257 636 665 946 959 993 1215 1400 1628 1864 1958 2016 2089 2108 2161
455 129 417 417 572 697 700 795 1261 1316 1335 1416 1576 1614 1625 1626 1627 1750 2205 2206 2258
456 129 290 554 554 759 759 759 759
457 132 131 453 453 565 711 885 1034
458 132 351 475 475 1135 1143 1668 2024 2053
459 132 151 433 433 672 704 707 749 796 838 911 927 1164 1223 1268 1298 1491 1564 1620 1896 1946 1985
460 131 256 312 353 537 550 537 550 1174
461 131 384 467 467 1009 1234 1365 1400 1430 1438 1535 1659 1733 1910 1954 2004 2052 2159 2169
462 133 201 548 548 565 684 733 763 1052
463 134 403 403 1166 1188 1214 1490 1597 1641 1747 1773 1795 1928 1977 1978 2089
464 134 838 838 838 838 895 897 905 910 911 911 911
465 135 175 182 221 299 306 414 429 458 414 429 458 597 599 963 1031 1066 1089 1164 1175 1194 1296 1376 1425 1425 1695 1741 1801
466 137 326 334 684 812 1108 1113 1146 1168 1372 1404 1459
467 137 274 329 336 353 668 680 720 812 869 907 908 909 998 1206 1242 1276 1470 1559 1564 1624 1664 1668 1715 1733 1754 1763 1788 1823 1898 1901 1912
468 137 399 400 399 400 575 722 723 908
469 138 234 256 381 478 478 1202 1215 1218 1723 1790 1909
470 138 538 538 565 757 824 1147 1394 1420 1647 1802 1806 1817 1818 1844 1892 1938
471 138 625 757 856 923 1187 1202 1215 1239 1364 1383 1386 1454 1641 1804 1815 1874 1972 2038 2054 2092 2100 2141 2146 2157
472 140 162 558 1079 1428 1485 1493 1606 1648 1652 1786 1788 1853 2099 2129
473 140 668 840 1010 1163 1405 1428 1500 1950
474 140 538 538 840 1191 1383 1535 1542 1727 1760 1900 2017 2051
475 140 446 446 1102 1308 1465 1940 1953 2040 2076 2080 2175
476 140 264 403 403 750 1066 1149 1206 1268 1296 1420
477 140 1087 1177 1365 1394 1554 1564 1807
478 143 232 316 340 386 537 537 594
479 144 472 472 622 792 1087 1115 1148 1385 1492 1572 1635 1641 1652 1773 1788 1956 1964 1964 1987
480 144 221 472 472 668 803 1307 1548 1768
481 147 382 550 550 785 998 1046 1080 1082 1193 1216 1308 1454 1496 1535 1541 1562 1605 1641 1652 1787 1887 1909 1987 2098
482 147 349 382 524 538 524 538 598 720 965 1248 1318 1388 1401 1425 1509 1632 1659 1685 1714 1730 1790 1898 2063
483 150 1149 1243 1364 1428 1485 1823 1853 2066 1542
484 150 622 1102 1422 1500 1542 1562 1605 1659 1760 1775 1916 1922 1928 1984
485 153 361 363 389 408 461 408 461 686
486 154 230 232 650 794 1046 1046 1108
487 159 408 508 408 508 564 566 645
488 162 331 505 505 980 1017 1046 1390 1535 1641 1685 1844
489 162 814 1465 1568 1572 1685 1758 1964
490 162 757 757 1454 1474 1500 1641 1784
491 162 228 382 921 935 935 998 1082 1147 1202 1257 1385 1537 1644 1730 1916
492 166 488 491 491 488 491 491 572 618 1816 2119 351
493 169 170 234 255 545 545 879 977 1090
494 177 177 468 468 994 1725 1770 1985 2039 2067 2068
495 177 600 1114 1187 1454 1484 1537 1559 1604 1641
496 177 209 429 429 888 1362 1445 1465 1559 1680
497 177 331 429 429 692 925 993 1405 1428 1454 1569 1785 1793 1889
498 180 632 643 651 651 651 651 651 651 651 651 651 651 651 651 651 651 651 651 651 651 651 651 651 651 651 651 651 651 651 651 651 651 651 651 651 651 651 651 651 651 651 651 651 651 651 651 651 651 651 651 651 651 651 651 651 651 651 651 651 651 651 651 651 651 651 651 651 651 651 651 651 651 651 651 651 651 651 651 651 651 651 651 651 651 651 651 651 651 651 651 651 651 651 651 651 651 651 651 651 651 651
499 180 270 381 1049 1414 1425 1725 1741 1775 1796 1801 1802 1803 1804 1805 1806 1839 1948
500 184 228 233 599 692 769 1177 1368 1428 1664 1685 1699 1720 1803 1812 1898 1900 1953 1987 1992
501 190 194 838 838 911 911 1351 1453
502 191 225 331 446 446 600 655 657 685 757 888 1079 1290 1296 1333 1469 1641 1689 1823 1884 1953 1964 2004 2058 2061 2089
503 195 318 537 537 1046 1207 1875 2039 370 883 1015 2326 1546 1686
504 195 293 756 820 2201 2328 2333 1404
505 195 331 382 395 446 468 395 446 468 598 610 617 618 820 824 846 925 970 994 1056 1301 1404 1428 1431 1487 1506 1520 1699 1768 1773 1845 1953
506 206 235 270 331 362 1114 1581 1741 1796 1802
507 208 209 269 414 414 1156 1296 1425 1796 1800
508 209 518 518 935 1641 2030 2061 2092 2165 665 666
509 209 234 269 362 384 665 712 831 913 1066 1166 1188 1216 1296 1443 1531 1536 1537 1547 1605 1620 1621 1641 1691 1735 1801 1803 1804 1805 1890 1904 2007 2015
510 209 558 888 977 984 1560 1570 1615
511 209 331 444 444 558 750 887 1333 1632 1985
512 210 446 446 616 1068 1102 1435 1604 1610 1620 1730 1775 1806 2081 2085 2143
513 211 212 213 214 215 216 217 218 219 247
514 216 219 316 397 456 519 527 397 456
515 221 331 404 431 404 431 710 1494 1571 1610 1641
516 221 304 381 666 822 993 1243 1383 1485 1605 1620 1727 2055
517 221 403 403 685 712 921 935 998 1307 1454 1735 1865 1900
518 224 666 668 992 1411 1560 1787 1817
519 227 253 396 396 543 544 396 396 543 544 586 587 587 618
520 228 518 518 923 1214 1541 1565 2008
521 228 293 304 331 446 446 625 726 769 1190 2012 2089
522 228 285 347 483 483 575 669 745 747 815 850 1013
523 233 685 831 1216 1318 1455 1474 1492 1641 1744 2098 704
524 233 438 467 438 467 796 917 1147 1425 1469 1542 1874
525 234 757 1079 1148 1604 1611 1738 1841 1899 2030 2086 2087
526 234 234 234 545 546 545 546 1636 2177
527 234 414 414 1290 1373 1579 2064 2099 2130
528 234 402 402 599 1115 1362 1529 1664 1747 265
529 234 244 381 1072 1188 1215 1234 1441 1570 1632 1751 1758
530 234 992 1177 1403 1422 1421 1454 1641 1648 1740
531 234 750 827 1100 1386 1393 1420 1421 1537 1906 1939 2022 2041 2046 2074 2108
532 234 665 724 887 961 992 1132 1307 1383 1681 1901 2007 2040 2098
533 234 749 757 994 1050 1234 1326 1570 1574 1731 1892 1901 1909 1940
534 234 382 622 815 1056 1148 1164 1232 1383 1431 1446 1485 1505 1520 1641 1685
535 234 994 1046 1080 1134 1170 1215 1300 1520 1559 1567 1574 1624 1759 1791
536 236 290 498 536 539 554 498 536
537 237 338 452 514 452 514 681 696 696 802 819 1798 2009
538 239 333 359 650 752 839 1374 1429 1650 1828
539 254 366 427 491 507 542 542 427 491 507 542 542 562 577 616 619 676 722 784 846 890 920 987 1005 1083 1085 1086 1260
540 256 944 1239 1510 1538 1614 1773 1774 1832 1965 1982 1983 121 701 2266 2379
541 258 320 439 547 554 439 547 554 648 1197
542 259 445 466 445 466 573 598 894 927 979 1170
543 261 262 262 262 263 382 921 935 938 1248 1338 1362 1480 1520
544 264 364 673 913 1000 1166 1386 1796 1896 1924
545 264 402 402 558 923 1428 1535 1571 1641 1644 1677 1787 2124
546 264 604 757 1064 1127 1251 1294 1454 1535 1641
547 264 332 685 796 1365 1444 1535 1641 1641 1647 1733 1735
548 265 600 712 720 1202 1220 1363 1450 1528 1550 1559 1663 1784 1788 1806 1812 1815 1904 1905 1906 1928 2072 2073
549 266 427 427 427 427 610 719 925 934 935 938 1357 1358 2274
550 267 622 1251 1420 1554 1641 1677 1692
551 269 283 838 838 838 897 904 911 911 911 924 965
552 269 398 398 585 746 791 995 1007
553 270 679 697 802 981 1086 1154 1493 1584 1904 1944
554 271 325 912 1347 1591 2268 2269 2314
555 274 331 380 382 414 438 446 468 414 438 446 468 823 840 894 913 914 949 1051 1056 1206 1276 1401 1425 1428 1496 1500 1509 1523 1709 1741 1775 1784 1803 1812 1840 1889 1910 1931 1950 1953 1964 1976 2006
556 279 320 438 438 610 617 710 890 914 1046 1079 1325 1454
557 282 315 493 500 537 493 500 537 703 806 882 1103 1110 1198
558 288 759 759 759 838 838 838 911 911 911 1955 2020 2088
559 290 497 496 526 554 497 496 526
560 291 346 465 465 642 761 864 864 1074
561 293 1415 1431 1492 1621 1896 1910 1978 2079
562 293 524 538 537 524 538 537 604 627 1000 1059 1066 1127 1214 1251 1395 1396 1405 1435 1464 1535 1564 1615 1647 1666 1754 1817 1823 1841 1845 1901 1924 1938 1962 1994 2054
563 293 757 757 814 925 1077 1082 1106 1147 1214 1454 1454 1590 1641 1645 1693 1773 2012
564 293 414 414 712 757 1056 1187 1214 1454 1468 1535 1572 1586 1641 1785 1786 1846 1994 2075
565 297 759 968 994 1234 1574 1784 2158 998
566 297 840 1206 1214 1300 1365 1386 1454 1535 1562 1568 1641 1649 1890 1976 2073 2106
567 297 329 467 467 1216 1381 1430 1474 1768 1931 233
568 297 505 505 1056 1535 1787 1812 1850 1910 1940 1946 2030
569 297 414 524 414 524 597 610 831 1017 1191 1215 1383 1641 1744 1887 2091
570 297 362 831 1060 1115 1268 1395 1414 1415 1536 1604 1605 1647 1691 1756 1774 1796 1801 1803 1805
571 298 377 497 497 735 740 838 838 910 911 911
572 300 331 679 1056 1149 1454 1641 1860 1885
573 303 516 516 816 1234 1265 1295 1354
574 304 358 446 552 446 552 558 712 856 917 966 984 1386 1387 1415 1422 1454 1561 1564 1586 1790 1827 1885 1892 1901 1957 1985 1987 2055 2064 2073 2078 2084
575 315 484 494 484 494 1244 1321 1340
576 316 331 429 429 1071 1147 1385 1420 1433 1492 1535 1536 1786 1802 1803
577 316 463 502 524 526 530 537 554 463 502 524 526 530 537 554 691
578 316 527 533 527 533 561 872 1075 1197 1201 1264 1452
579 318 444 444 772 838 904 911 1302 1743
580 320 759 759 838 838 894 895 903 907 911 911 915 953 1854 1912 2062
581 320 421 518 421 518 599 627 677 720 1010 1046 1127 1128 1213 1290 1388 1387 1425 1490 1494 1506 1550 1768 1900 1935 1964
582 320 416 436 416 436 687 758 777
583 320 483 483 837 883 900 944 1912
584 320 838 838 838 838 838 838 838 838 911 911 911 911 911
585 322 331 793 946 972 1164 1454 1569
586 322 625 1454 1454 1454 1535 1641 1645 1904
587 323 472 472 856 994 1018 1158 1234 1239 1381 1405 1422 1445 1549 1792 1992 1996 2018 2040
588 323 724 925 993 1182 1425 1647 1823
589 329 505 505 1104 1428 1454 1491 1580 1906 1993 2120
590 329 404 404 949 1127 1363 1500 1606 1613 1768
591 329 382 665 666 757 993 998 1268 1333 1535 1776 1889
592 329 757 793 815 1471 1644 1767 1844 1886 2137 2146 234
593 329 518 524 538 518 524 538 949 1172 1216 1430 1431
594 331 665 702 757 757 1053 1060 1215 1234 1425 1454 1454 1470 1491 1530 1841
595 331 446 446 679 757 888 1056 1079 1153 1177 1214 1383 1384 1386 1388 1387 1444 1485 1492 1529 1581 1730 1985 1992 1994 2061 2076 2081 2092
596 331 384 665 793 887 993 1216 1243 1251 1414 1415 1541 1547 1602 1610 1641 1647 1776 1904 1954 1956 1958 2044 2052 625
597 331 380 462 462 1010 1361 1573 1631 1641 1760 2051 2089
598 331 447 447 757 1214 1454 1850 1964
599 331 887 1043 1046 1060 1134 1665 1696 1730 1823 1841 1850 1970 2028
600 331 537 537 726 1190 1239 1251 1535 1831 1836 1964 2012 2069 2071
601 331 331 382 1257 1465 1541 1628 1786 1900 1917
602 331 478 538 478 538 731 965 1009 1138 1206 1213 1290 1509 1565 1758 1786 1896
603 331 431 431 1214 1383 1388 1535 1537 1630 1641 1720 1990 2015
604 331 358 381 1046 1056 1620 1663 1720 1730 1823 1964 1973 2039 2041
605 331 382 382 1216 1257 1386 1405 1491 1492 1895 1920 1972 1989
606 331 749 923 925 926 1009 1017 1191 1243 1268 1394 1454 1470 1570 1602 1641 1663 1689 1788 1827 1954 2056
607 331 894 959 1400 1401 1631 1823 1566
608 331 446 518 446 518 704 732 814 815 914 917 921 925 1134 1166 1214 1361 1466 1485 1758 1768 1950 1964 1985
609 331 444 444 712 968 984 994 1009 1297 1319 1400 1405 1420 1523 1542 1641
610 331 600 1017 1060 1115 1278 1394 1415 1423 1443 1605 1641 1647 1758 1772
611 331 382 505 524 505 524 972 1031 1373 1428 1542 1635
612 331 769 792 831 965 1115 1385 1438 1573 2037 2166
613 331 382 384 429 429 667 757 796 814 1060 1115 1177 1209 1268 1363 1395 1403 1415 1425 1443 1464 1492 1547 1586 1602 1604 1605 1641 1647 1648 1652 1786
614 331 667 702 919 1290 1384 1494 1549
615 331 431 505 431 505 925 1010 1274 1492
616 331 384 667 1158 1386 1387 1548 1642 1704 1765 1836 1968
617 331 404 433 446 404 433 446 1280 1352 1428
618 331 1386 1423 1436 1468 1537 1548 1635 1643 1641 1776 1864 1931 1952 1987 1989 1993 2015
619 334 695 1122 1176 1534 1771 2096 2133 238
620 334 422 554 422 554 630 675 675
621 336 429 429 579 600 1377 1425 1480 2006
622 340 788 791 838 838 838 838 838 895 911 911 911
623 340 547 547 565 622 802 868 1052 1184
624 352 469 469 560 684 950 1141 1200 1275 1532 1960 2302 2303
625 353 488 494 521 522 526 539 488 494 521 522 526 539 626 680 691 711 837 1002 1034
626 358 757 1422 1454 1549 1613 1709 1735 1740 1901 1942 1990 2034 2079
627 360 364 379 673 730 752 1152 1249 1437 1492 1872
628 362 600 712 1060 1268 1277 1385 1445 1469 1487 1502 1542 1554 1605 1647 1669 1827 2013 2106
629 364 386 423 491 554 423 491 554 673 1291 1489 1553 1816 1816
630 373 472 550 472 550 621 757 834 1193 1214 1488 1560 1618 1776
631 381 726 1120 1166 1216 1484 1492 1620
632 381 438 438 792 1191 1365 1487 1892 1973 2065
633 382 402 402 692 814 1308 1652 1802 1836 2034
634 382 666 726 1190 1239 1277 1537 1620 1864 2012 2013 2069
635 382 384 558 1310 1492 1535 1768 1850 2026 2118 2149
636 382 1493 1597 1648 1971 2149 2158 2175
637 382 433 433 1214 1403 1768 1773 1847
638 382 404 404 925 1000 1098 1383 1435 1610 1827 1887 1924
639 383 575 732 738 737 759 759 759 759 759 812 815 838 838 838 876 910 910 911 911 911 944
640 384 667 1660 1847 1894 1896 2058 2174
641 384 447 499 524 447 499 524 913 968 1037 1202 1445 1541 1603 1613 1632
642 384 472 472 712 814 951 958 959 1077 1206 1214 1215 1485 1733 1773 1823 1895 1900 1909 1985 1991
643 384 414 497 505 526 414 497 505 526 692 932 933 936 937 1082 1097 1297
644 401 480 510 510 510 401 480 510
645 402 402 704 710 923 984 1064 1571 1758 1939
646 402 402 1087 1386 1910 1946 1972 2071
647 403 462 403 462 558 1066 1276 1383 1605 1641
648 403 478 479 403 478 479 814 1134 1394 1425 1537 1568 1901 1920 1942 2050 2052 2055 2073 2141
649 403 403 827 1213 1363 1397 1471 1490
650 404 404 558 599 685 1234 1430 1431 1726 1731 1865 1920
651 404 404 600 1114 1127 1163 1689 1692 1817 2052 2112 395
652 404 444 404 444 1056 1067 1308 1352 1454 1470 1536 1660
653 405 446 405 446 726 1190 1239 1492 1836 1890 2012 2069
654 406 453 491 502 519 406 453 491 502 519 1143
655 407 492 495 494 498 521 407 492 495 494 498
656 408 534 408 534 576 581 773 1063
657 409 410 409 410 623 624 629 880 1086 1271 1282
658 421 421 1251 1428 1436 1669 1751 1950
659 433 433 887 923 994 1046 1362 1428 1487 1534 1537 1659 1664 1772 1812 1820 1846 1978 1979 2035 2075
660 433 433 1220 1361 1401 1444 1641 1689
661 433 433 750 961 968 1248 1393 1454 1454 1470 1554
662 433 433 599 1000 1051 1318 1377 1470 1572 1635 1665 1677 1730 1968 2074 2075
663 437 488 490 491 437 488 490 491 1086
664 439 439 878 918 1089 1096 1749 2049
665 444 444 917 994 1153 1234 1386 1420 1628 1776 1952 1993 2005 2016 2151 1132
666 444 444 1396 1470 1484 1547 1844 1846
667 444 467 444 467 558 827 1010 1268 1298
668 447 447 621 665 666 689 724 757 1080 1559 1685 1895 1940
669 446 446 446 446 643 1122 1276 1310 1398 1450 1487 1560
670 446 446 604 958 1368 1415 1561 1613 1624 1758 1768 1785 1938
671 446 446 771 815 1403 1493 1502 1604 1809
672 449 496 501 514 554 449 496 501
673 449 449 757 1010 1188 1365 1529 1991 1992
674 453 453 1052 1242 1290 1476 1589 1641 1709
675 462 462 894 949 994 1131 1383 1425 1430 1454 1474 1628 1641 1938 2162
676 467 467 958 1303 1454 1709 1730 2016 2110 2168 2168
677 467 505 467 505 914 1079 1202 1326 1606 1621 1665 1774 1840 1886
678 468 468 814 914 949 958 998 1386 1484 1504 2015 2022 2069
679 469 550 469 550 638 727 1083 1193
680 474 474 759 759 838 838 895 911 911
681 488 490 549 488 490 549 1058 1736
682 491 491 491 491 491 491 491 491 491 491 491 491
683 493 554 493 554 1447 313 2215 2216
684 494 525 537 494 525 537 744 1074 1148 1899
685 494 499 502 494 499 502 740 742
686 499 499 1276 1362 1403 1603 1669 1774
687 500 524 535 540 554 500 524 535
688 505 505 654 704 757 1102 1202 1385 1469 1537
689 505 505 959 1001 1496 1559 1652 1691 1747 1964
690 505 505 737 783 1220 1363 1509 1575
691 510 510 596 679 1185 1332 1382 1492 1503 1751
692 515 515 838 838 838 838 911 911 911 911 1092 1302
693 518 518 597 627 913 1080 1257 1431 1485 1605 1606 1840
694 518 518 627 814 968 1520 1547 1741 1760 1917
695 524 524 668 720 925 1257 1387 1549 1550 1864 1979
696 542 542 757 1308 1383 1487 1546 2022
697 537 537 1214 1405 1597 1896 2099 2100 1670
698 548 548 1127 1326 1573 1695 1725 1839 1924 2137 2140 2142
699 558 591 984 1066 1554 1570 1604 1618 1635
700 558 720 894 1164 1444 1454 1470 1492
701 574 695 697 698 820 1069 1079 1217 1614 1614
702 576 679 801 1033 1186 1223 1273 1475 1582 1633
703 579 992 993 1050 1500 1560 1562 1569
704 579 668 827 1191 1446 1464 1465 1790 1916 2073
705 597 667 781 1248 1396 1415 1470 1565 1575 1641 1747 1773
706 599 710 712 1077 1385 1444 1557 1618 1659 1735 1956 1957
707 600 628 665 757 1164 1535 1641 1709 1900 2129 2156 668
708 621 803 1138 1620 1621 1709 1767 1770 1979 1989 2028 2045
709 627 1050 1153 1213 1464 1470 1641 1744 1964
710 632 651 651 651 651 651 651 651 651 651 651 651 651 651 651 651 651 651 651 651 651 651 651 651 651 651 651 651 651 651 651 651 651 651 651 651 651 651 651 651 651 651 651 651 651 651 651 651 651 651 651 651 651 651 651 651 651 651 651 651 651 651 651 651 651 651 651 651 651 651 651 651 651 651 651 651 651 651 651 651 651 651 651 651 651 651 651 651 651 651 651 651 651 651 651 651 651 651 651
711 632 651 651 651 651 651 651 651 651 651 651 651 651 651 651 651 651 651 651 651 651 651 651 651 651 651 651 651 651 651 651 651 651 651 651 651 651 651 651 651 651 651 651 651 651 651 651 651 651 651 651 651 651 651 651 651 651 651 651 651 651 651 651 651 651 651 651 651 651 651 651 651 651 651 651 651 651 651 651 651 651 651 651 651 651 651 651 651 651 651 651 651 651 651 651 651 651 651 651
712 632 651 651 651 651 651 651 651 651 651 651 651 651 651 651 651 651 651 651 651 651 651 651 651 651 651 651 651 651 651 651 651 651 651 651 651 651 651 651 651 651 651 651 651 651 651 651 651 651 651 651 651 651 651 651 651 651 651 651 651 651 651 651 651 651 651 651 651 651 651 651 651 651 651 651 651 651 651 651 651 651 651 651 651 651 651 651 651 651 651 651 651 651 651 651 651 651 651
713 632 651 651 651 651 651 651 651 651 651 651 651 651 651 651 651 651 651 651 651 651 651 651 651 651 651 651 651 651 651 651 651 651 651 651 651 651 651 651 651 651 651 651 651 651 651 651 651 651 651 651 651 651 651 651 651 651 651 651 651 651 651 651 651 651 651 651 651 651 651 651 651 651 651 651 651 651 651 651 651 651 651 651 651 651 651 651 651 651 651 651 651 651 651 651 651 651 651 651
714 632 651 651 651 651 651 651 651 651 651 651 651 651 651 651 651 651 651 651 651 651 651 651 651 651 651 651 651 651 651 651 651 651 651 651 651 651 651 651 651 651 651 651 651 651 651 651 651 651 651 651 651 651 651 651 651 651 651 651 651 651 651 651 651 651 651 651 651 651 651 651 651 651 651 651 651 651 651 651 651 651 651 651 651 651 651 651 651 651 651 651 651 651 651 651 651 651 651
715 632 632 651 651 651 651 651 651 651 651 651 651 651 651 651 651 651 651 651 651 651 651 651 651 651 651 651 651 651 651 651 651 651 651 651 651 651 651 651 651 651 651 651 651 651 651 651 651 651 651 651 651 651 651 651 651 651 651 651 651 651 651 651 651 651 651 651 651 651 651 651 651 651 651 651 651 651 651 651 651 651 651 651 651 651 651 651 651 651 651 651 651 651 651 651 651 651 651 651
716 632 651 651 651 651 651 651 651 651 651 651 651 651 651 651 651 651 651 651 651 651 651 651 651 651 651 651 651 651 651 651 651 651 651 651 651 651 651 651 651 651 651 651 651 651 651 651 651 651 651 651 651 651 651 651 651 651 651 651 651 651 651 651 651 651 651 651 651 651 651 651 651 651 651 651 651 651 651 651 651 651 651 651 651 651 651 651 651 651 651 651 651 651 651 651 651 651 651
717 632 651 651 651 651 651 651 651 651 651 651 651 651 651 651 651 651 651 651 651 651 651 651 651 651 651 651 651 651 651 651 651 651 651 651 651 651 651 651 651 651 651 651 651 651 651 651 651 651 651 651 651 651 651 651 651 651 651 651 651 651 651 651 651 651 651 651 651 651 651 651 651 651 651 651 651 651 651 651 651 651 651 651 651 651 651 651 651 651 651 651 651 651 651 651 651 651 651
718 636 769 822 1376 1468 1635 1643 1685
719 636 913 1504 1691 1704 2014 2074 621
720 640 878 1281 1659 1676 1833 1834 1951 1995 2066 2167
721 650 767 1005 1187 1207 1252 1810 1811
722 651 651 651 651 651 651 651 651 651 651 651 651 651 651 651 651 651 651 651 651 651 651 651 651 651 651 651 651 651 651 651 651 651 651 651 651 651 651 651 651 651 651 651 651 651 651 651 651 651 651 651 651 651 651 651 651 651 651 651 651 651 651 651 651 651 651 651 651 651 651 651 651 651 651 651 651 651 651 651 651 651 651 651 651 651 651 651 651 651 651 651 651 651 651 651 651 651 651 651 651
723 665 1046 1056 1086 1214 1365 1725 1843 2012 2082 2082
724 665 667 840 993 1166 1277 1278 1467 1621 1632 2013
725 665 695 698 757 913 1202 1565 1904 1984
726 665 668 679 1215 1423 1537 1648 2028 2124 2171
727 665 757 925 1209 1277 1300 1491 1535 1641
728 668 998 1402 1454 1541 1562 1581 1641 1896 1964
729 668 716 757 814 815 888 914 921 1131 1215 1278 1428 1454 1530 1594 1641
730 679 815 823 993 1308 1385 1537 1548 1565 1580 1740 1885 2098 2099
731 692 702 1082 1164 1352 1387 1394 1441 1663 1820
732 692 1158 1202 1204 1256 1641 1669 1899 1958 2052
733 693 699 728 863 931 1140 1231 1316 1540
734 693 700 700 768 809 886 931 1040
735 695 950 1614 2242 931 2309 2323 1540
736 697 698 701 809 951 1189 1538 1625 1626 1627 1707
737 702 757 1188 1190 1300 1388 1387 1502 1630 1641
738 712 1352 1386 1445 1454 1641 1792 1898 1903 1935 2092 1520
739 712 910 928 943 949 963 1009 1197 1215 1310 1415 1506 1610 1648 1888 1978
740 716 1444 1454 1554 1631 1709 1952 2146 2156 2157
741 724 814 894 923 935 949 1215 1243 1363 1415 1422 1430 1445 1546 1571 1740 1774 1788 1846 1860 1954
742 724 925 1089 1128 1216 1298 1317 1425 1546 1709 1725 1768 1777 1928 2106 2118 2133 917 1280 1464
743 732 759 759 759 759 838 838 911 911 1285
744 734 759 759 759 759 759 759 759 759 759 759 759 759 759 759 759 759
745 741 1056 1082 1164 1232 1505 1536 1677 1740 1758 1823 1922
746 749 1177 1214 1373 1388 1445 1454 1641 2164
747 757 815 935 1471 1535 1547 1586 1669 2058 2074 2077 2099 2168 2169
748 757 815 980 1148 1268 1294 1397 1454 1466 1548 1562 1565 1889
749 759 838 838 838 838 838 838 911 911 911 911 911
750 759 759 759 759 759 759 759 759 895
751 759 759 759 759 759 759 759 838 838 838 895 911
752 759 759 759 844 852 1033 1285 1289 1512
753 761 962 1262 1424 1516 1348 2331 1418
754 781 1182 1188 1386 1431 1504 1520 1560 1643 1741 1946
755 792 968 1025 1243 1267 1563 1760 1931 1953
756 802 1195 1250 1705 1880 2001 2003 2057 2203
757 808 1454 1480 1535 1570 1645 1846 1909 1910 1979 1991
758 838 838 838 838 838 838 911 911 911 911 911 911
759 838 838 838 838 904 911 911 911
760 838 838 838 838 838 911 911 911
761 838 838 838 838 838 911 911 911
762 838 838 838 838 838 905 911 911
763 838 838 838 838 838 838 838 838 838 911 911 911 911 911 911 911
764 838 838 838 838 838 838 838 838 911 911 911 911 911
765 838 838 838 838 895 911 911 911 911 1004 1004 1178
766 838 838 838 838 838 838 911 911 911 911 911 911
767 838 838 838 838 838 838 911 911 911 911 911 911
768 838 838 838 838 838 838 838 911 911 911 911 911 911
769 838 838 838 838 838 911 911 911
770 838 838 838 838 838 838 911 911 911
771 838 838 838 838 838 895 911 911 911 911
772 838 838 838 838 838 838 838 897 911 911 911 911 911
773 838 838 838 838 838 838 838 838 838 838 904 911 911 911 911 911 911
774 838 838 838 838 895 911 911 911
775 838 838 838 838 838 838 905 911 911 911 911 911
776 838 838 838 838 838 838 911 911 911
777 838 838 838 838 910 911 911 911
778 838 838 838 838 838 895 911 911
779 838 838 838 838 897 905 911 911 911
780 838 838 838 838 838 911 911 911
781 838 838 838 838 838 838 911 911 911 911
782 840 992 1158 1160 1214 1299 1529 1898 1906 2041 2058 2126
783 888 1388 1572 1586 1618 1660 1760 1776 1783 1900 1964 2092
784 889 1182 1234 1535 1571 1573 1574 1731 1978 1979
785 891 1102 1455 1469 1666 1793 1794 1848 1922 1973
786 894 1098 1386 1454 1669 1685 1689 1940 2016 2100 980 2307
787 913 1352 1648 1954 1992 2017 2126 1134
788 913 1487 1773 1774 1776 1784 1928 2004 2066
789 931 1016 1075 1221 1341 1592 1853 1958
790 958 1056 1149 1149 1149 1164 1236 1300 1365 1420 1454 1502 1610 1645 1663 1730
791 959 1202 1386 1928 1984 1991 2030 2041
792 968 1272 1370 1430 1725 1927 2043 2066 2098 2106 2141 2145
793 1009 1773 1794 1801 1848 1874 1931 2139
794 1017 1454 1785 1900 1906 2035 2036 2037 2084
795 1051 1214 1405 1428 1809 1885 1899 1920 2066 445
796 1084 1149 1234 1506 1529 1586 1689 1730
797 1087 1363 1401 1425 1430 1809 1904 1964 1977 2006 2030
798 1116 1181 1443 1601 1602 1605 1606 1607
799 1138 1166 1451 1454 1491 1581 1693 1784 1823 2077 2079
800 1145 1254 1283 1284 1434 1711 1712 1716 1718 1719
801 1149 1153 1177 1384 1386 1388 1581 1681 1735
802 1166 1214 1220 1535 1606 1629 1645 1814
803 1177 1384 1385 1387 1388 1444 1491 1496 1535 1537 1884 1885 1989 2061 2092
804 1215 1317 1546 1734 1776 1823 1924 462 472
805 1216 1312 1383 1441 1455 1656 1901 1975
806 1484 1808 1878 1881 1914 1982 2002 2121 2131 2132 2134 2135 2136 2137
